14 -3.7183 -0.57236
14 0.155422 -1.00759
14 2.29119 1.05808
14 1.53533 1.32439
14 0.745433 -0.100599
14 1.0341 -0.161351
14 1.9919 -1.03729
14 1.36034 -0.730237
14 -1.32721 0.914758
14 -1.18486 -0.867985
14 -3.03797 -1.22316
14 -1.03792 -1.18395
14 0.0769149 -0.769694
14 1.29828 -1.14922
14 2.96673 0.0176382
14 2.97169 0.098357
14 -1.31368 -0.521628
14 -1.64886 -0.528785
14 2.05711 1.03187
14 0.816279 -0.032918
14 3.5417 0.592283
14 -0.069976 -0.843763
14 0.943119 0.515958
14 3.97497 1.06856
14 -0.154862 1.01508
14 2.9404 0.00293827
14 2.43826 -0.663128
14 1.71366 -0.662661
14 -1.04545 -0.518929
14 0.370813 -0.164804
14 1.29703 1.39979
14 -2.6834 -0.602732
14 -2.54548 -0.564504
14 -0.216501 1.5259
14 3.16371 -0.594381
14 -2.6867 -0.35339
14 3.53292 1.36831
14 1.00608 0.516601
14 -1.98214 0.999695
14 -2.73777 0.776019
14 2.35789 1.49045
14 2.08265 0.0625002
14 -2.43713 0.892524
14 1.61659 -0.562696
14 2.37895 0.534716
14 -1.54173 1.00089
14 0.355783 -0.0713334
14 2.87438 1.22025
14 1.32914 0.989662
14 -1.64952 1.11359
14 3.5999 -0.451341
14 3.46707 1.14153
14 1.93085 1.12224
14 3.8938 1.13777
14 2.50917 -0.0510021
14 2.86177 0.0820021
14 -2.11077 -1.1173
14 0.197117 1.17639
14 -0.346276 -0.149528
14 -2.7917 -1.05355
14 -3.08109 -1.21764
14 -2.13062 -0.554653
14 -3.91755 -0.324667
14 -2.47354 -0.54982
14 2.81886 -0.615492
14 1.52604 -0.112638
14 3.31569 -1.43028
14 1.09264 -0.122524
14 -3.06783 0.902516
14 -3.6757 -1.04894
14 2.08615 0.544853
14 2.79816 0.582626
14 2.28139 0.0678915
14 3.86178 -0.978752
14 2.5247 -0.169652
14 -3.12336 -0.608611
14 -1.26796 -0.421876
14 -3.64991 -0.556106
14 2.78009 0.596506
14 -2.01184 -1.04549
14 -3.51462 -1.18657
14 3.01382 -0.641589
14 -3.40847 -1.20118
14 0.913029 -1.51832
14 -2.87953 -1.50124
14 0.623821 1.32299
14 0.556306 -1.00708
14 2.96258 1.20739
14 -1.24631 -0.524825
14 -3.22702 -0.596768
14 -2.37823 1.04516
14 0.403412 -0.726089
14 -0.80205 -0.856479
14 3.47881 0.148904
14 -3.79419 0.991459
14 -2.0717 -1.10368
14 1.74988 1.4071
14 1.80034 -0.77762
14 -2.16169 -0.542778
14 -0.293357 1.49807
14 -2.77407 -0.903833
14 -0.0174018 -0.16279
14 3.33979 1.1246
14 -3.24222 0.946158
14 -1.27522 -1.06344
14 0.975161 1.05265
14 -0.9653 1.00215
14 0.0223232 -0.23554
14 2.90079 -0.0632672
14 1.83462 -0.652755
14 -1.93743 -0.563471
14 -1.99523 -1.06486
14 3.49072 -0.99088
14 -3.75632 -0.553582
14 2.72268 0.586235
14 3.50891 -0.593667
14 1.07603 1.0605
14 -0.33381 1.16841
14 1.19247 -0.0625101
14 2.48038 0.543867
14 1.85614 -0.0309436
14 3.75157 0.606767
14 0.517122 -0.173608
14 2.23962 0.104599
14 2.82853 0.587688
14 1.90289 -0.689972
14 1.93662 0.551647
14 2.04338 -0.996852
14 1.39887 -0.670628
14 -3.81855 0.811395
14 -0.317158 0.952058
14 0.100685 0.908286
14 0.435197 1.35827
14 1.4998 1.11936
14 3.92319 -1.08488
14 1.62804 0.525381
14 -1.26753 -1.19232
14 2.65231 -0.999012
14 -2.5242 0.969733
14 -0.551385 -1.16459
14 -3.26427 -1.05771
14 -2.81547 -0.298739
14 1.00776 -0.758857
14 -1.35033 -1.19563
14 0.260808 -0.0916966
14 2.89056 0.596225
14 -3.33147 -0.581085
14 -0.157378 -1.10483
14 2.24566 -1.07735
14 1.88433 0.960853
14 0.497103 -1.10152
14 -0.126316 -1.10331
14 -1.98393 -1.04496
14 3.84574 -0.635225
14 1.14826 1.01327
14 3.65823 0.611516
14 2.54542 0.0319374
14 -0.446431 -0.161984
14 -1.70556 -0.544888
14 -1.48087 -0.167849
14 0.00722166 -0.150317
14 2.90965 0.54412
14 3.52219 0.626006
14 -3.17002 -1.21396
14 -1.43455 -1.17546
14 1.17465 1.12841
14 -2.62556 -0.590598
14 3.61026 1.06989
14 -1.43532 -0.535534
14 -2.83239 -1.06028
14 1.20003 -0.0757947
14 -2.30218 0.889608
14 -3.50242 -0.446803
14 -3.86316 -0.418679
14 -1.70465 1.35851
14 -1.0273 1.15213
14 3.78124 1.22383
14 -0.651382 -1.09975
14 -3.56866 -0.601662
14 1.6114 1.18909
14 -2.8568 0.771074
14 3.2686 0.220099
14 2.72206 0.0949243
14 1.51212 0.524493
14 2.94449 -0.581151
14 -0.225543 1.10864
14 -3.76748 1.08355
14 -3.93431 -1.14829
14 0.435043 -0.642301
14 -2.82023 -0.306808
14 -1.72562 0.895245
14 -3.63128 0.99103
14 -2.63574 -1.12109
14 -3.81427 -0.318329
14 0.213621 -0.118488
14 1.2042 1.07134
14 1.42151 1.11191
14 0.886979 1.01858
14 -3.43469 -0.528061
14 -3.02098 -0.313676
14 0.956185 0.0135492
14 -3.63027 -1.09492
14 3.48198 -0.585844
14 -1.61257 -0.529485
14 -0.84616 -0.470395
14 0.611953 -1.00659
14 -2.527 -0.771067
14 3.81688 -1.53157
14 3.08944 -0.474807
14 2.92942 -1.01936
14 -3.86307 -1.06511
14 -3.80132 -0.3468
14 -1.35355 -0.912204
14 -1.46283 1.47606
14 2.39441 -0.591357
14 1.5995 -0.077446
14 1.60812 0.527169
14 -0.399746 -1.0354
14 3.22882 -0.782595
14 -2.24793 -1.20287
14 -0.654487 -0.893665
14 -3.59264 1.02914
14 0.744666 0.977414
14 -2.69076 -1.21508
14 3.94288 -1.08364
14 1.95455 1.04811
14 -0.656276 -1.16799
14 1.00456 -1.15476
14 2.27552 0.968057
14 3.52644 1.14431
14 1.98372 1.11671
14 -1.77973 0.865252
14 -0.48551 -1.04313
14 0.352301 1.16838
14 3.46765 0.581974
14 -0.961589 -0.516619
14 1.74494 0.530997
14 -2.96215 -0.589506
14 -1.09257 -0.838473
14 -1.88449 -0.558863
14 -1.21557 -1.18212
14 -2.57609 -0.485108
14 2.85532 0.56282
14 -0.381403 -1.03917
14 2.34178 1.02594
14 3.4412 -0.397716
14 2.02626 1.33876
14 -0.718277 -0.730862
14 2.90531 -0.651823
14 0.869967 -1.00911
14 -0.182974 1.00777
14 1.05868 0.518389
14 2.20272 0.551085
14 2.42079 -1.03056
14 -2.54251 -0.564834
14 -3.28797 1.36904
14 -2.9076 -0.260845
14 3.0043 1.06716
14 3.79421 0.555337
14 -0.0825731 1.37655
14 3.75215 -1.01913
14 -0.962889 -1.08913
14 3.24558 -1.09354
14 1.73922 -0.694667
14 2.58797 1.13988
14 0.941591 -0.747721
14 2.43551 1.1973
14 -3.20096 -0.25867
14 -2.26383 -1.18201
14 2.9526 0.0525369
14 3.86974 1.23359
14 -1.5441 0.8532
14 2.96317 1.20244
14 -1.14961 1.0042
14 -1.34435 -0.459108
14 -2.61484 -0.593788
14 2.65679 0.549853
14 -2.15536 -0.540289
14 -1.56905 -0.524482
14 3.63091 1.13022
14 2.75477 -0.570774
14 2.51535 0.588269
14 0.178088 -0.727534
14 2.31262 -1.02978
14 2.40877 1.05071
14 2.22497 0.939324
14 2.65367 0.602063
14 -3.84736 -0.19597
14 -1.02919 1.15365
14 -3.93354 0.978076
14 -1.9898 -0.331086
14 2.66935 -0.647577
14 0.6512 -0.69839
14 3.80252 -0.4921
14 1.37018 0.0361599
14 -2.81949 -1.21716
14 -2.7215 1.04615
14 -2.23043 -0.933285
14 3.75304 -1.02017
14 -2.71168 -0.360356
14 -1.01803 1.29003
14 2.0943 -0.0446683
14 3.96648 -1.48325
14 -1.57571 1.09395
14 -1.03775 -0.521103
14 -0.239754 -0.000132306
14 0.923198 0.0294702
14 1.96695 0.562542
14 3.63516 1.09475
14 1.66908 -1.54817
14 -2.3186 -0.586921
14 0.995996 1.00632
14 -3.77513 -0.629702
14 -1.47065 -0.269168
14 -1.9519 -0.859917
14 0.404175 1.42693
14 3.72186 0.592253
14 -3.97384 -1.23579
14 3.93631 0.0312877
14 -0.189356 -0.43286
14 -1.32043 -0.468622
14 2.27206 1.07466
14 3.09183 0.566379
14 -0.380179 -0.820613
14 -0.44898 -1.16629
14 3.14264 1.49238
14 0.72851 -0.137613
14 -3.69309 -0.554314
14 2.69519 -0.741812
14 1.31601 1.05157
14 -0.527843 0.857988
14 1.41138 -0.0660249
14 0.819235 -1.15782
14 -0.858339 -1.18037
14 -1.25826 1.03892
14 2.63726 1.21709
14 -1.82858 -1.18377
14 0.294971 -0.813534
14 -1.48887 -1.18208
14 1.82572 0.558949
14 2.09751 -0.802035
14 0.328282 1.49327
14 -3.21742 -0.552716
14 -0.87806 -0.186378
14 -1.85786 -1.18337
14 -1.76828 -1.05068
14 2.67682 0.931202
14 2.97361 0.0350774
14 1.3069 -0.0836228
14 1.74157 -0.702625
14 3.78223 -0.97922
14 1.10267 1.13114
14 2.42458 1.56346
14 -2.12992 -0.472531
14 -3.24831 -0.920841
14 3.37461 -1.03711
14 -0.88968 -1.49168
14 1.67439 -0.738325
14 0.548343 -1.4802
14 3.90141 0.0271876
14 1.47458 1.06234
14 -2.65851 -1.04886
14 1.81174 0.547678
14 -2.70292 0.825668
14 1.88527 1.17945
14 -3.80817 -0.441064
14 0.0460926 -1.0375
14 -3.65819 -1.21922
14 2.32838 -1.06528
14 2.95927 -0.690092
14 1.37557 -1.09311
14 0.396806 -0.127282
14 1.11109 -1.00431
14 -3.94307 1.35957
14 -0.858703 -0.242224
14 1.54665 0.111812
14 -2.91063 -0.568221
14 -2.55966 0.954643
14 -2.17422 -0.531765
14 3.75989 0.554218
14 2.37619 0.537713
14 -1.41007 1.37082
14 0.026119 -0.0622382
14 3.21456 0.034684
14 -1.65698 -0.456236
14 -3.19771 -0.596382
14 -2.7466 1.482
14 -2.16639 -0.287425
14 -2.56746 -0.538364
14 2.63314 -0.65089
14 -3.61333 -0.369497
14 1.0247 -1.05262
14 2.97013 0.597996
14 2.6336 1.34224
14 3.1367 -0.792068
14 0.871453 -1.08537
14 -0.845446 -0.801516
14 3.5844 -0.544392
14 -0.127785 1.00826
14 1.05372 0.521206
14 -0.515213 -1.16993
14 3.21738 -1.03344
14 -2.82128 -0.540936
14 3.63354 -0.471731
14 -1.86234 -0.25954
14 -2.90747 -0.387466
14 1.15013 -0.199906
14 -1.65263 1.28655
14 1.68436 -0.0358999
14 0.292995 -0.733938
14 2.43379 -0.563313
14 1.2809 0.532724
14 -2.93573 -0.845551
14 1.94845 0.119069
14 0.163972 -0.790821
14 -1.62475 -0.938283
14 -2.20909 -1.19223
14 -3.80833 0.879578
14 3.25601 1.07966
14 -3.90922 -0.659125
14 1.16433 -0.763763
14 -2.3155 -0.221336
14 -1.25876 1.11261
14 1.81587 -0.00104888
14 -2.97363 -0.936206
14 -1.29572 -0.922884
14 1.5749 0.527411
14 3.30552 0.111016
14 3.60946 1.21742
14 1.28643 1.09982
14 -1.92532 -0.777453
14 1.75944 1.09543
14 1.92575 -0.0891226
14 -2.0875 1.09122
14 3.68628 -1.4942
14 2.75548 -1.0549
14 3.28018 0.545892
14 1.88019 -0.737641
14 -1.77931 -0.552674
14 -0.646053 -0.445154
14 2.58314 -1.0343
14 0.542749 -0.791784
14 -1.31439 -0.297896
14 0.0886816 -0.0207833
14 -1.26236 -1.19518
14 3.28092 -0.996799
14 -0.210225 0.9728
14 -2.20589 -0.565851
14 -0.615361 1.35871
14 -0.100951 -0.220454
14 0.96754 1.18172
14 0.939543 0.515624
14 -0.314257 -0.435214
14 -1.61699 -0.524571
14 3.30765 0.1125
14 -0.985045 -0.516802
14 1.91235 0.959645
14 -3.84746 -1.21884
14 3.34714 1.07168
14 1.92088 0.0671728
14 -1.05115 -0.518746
14 2.06116 0.0565382
14 -2.99508 -1.48384
14 -2.01261 -1.47101
14 0.246983 -0.0677026
14 -0.434784 -0.864591
14 -1.98084 -0.955821
14 3.0405 0.543823
14 0.803392 -0.710879
14 -3.27342 -1.22597
14 -1.48269 1.12198
14 3.04182 1.05893
14 -1.9276 0.856725
14 2.63815 0.125571
14 -0.83382 -0.108969
14 -2.39355 1.03668
14 0.634477 -0.777756
14 3.11356 1.05133
14 0.741777 -1.00562
14 2.87212 0.544808
14 0.0955018 1.48189
14 -1.45596 -1.0646
14 -3.51956 -1.05162
14 -3.55475 -0.807328
14 1.54377 0.530417
14 3.24717 0.548398
14 0.134077 -0.205178
14 -2.16085 -0.560447
14 -3.70716 -1.14624
14 -1.17811 1.15071
14 -1.36438 -0.524048
14 1.27978 0.524313
14 -1.82812 -0.735321
14 2.9121 0.0922617
14 3.22446 1.1319
14 3.34156 0.5548
14 -0.89219 -0.143077
14 -2.16121 0.982315
14 3.65579 -0.542103
14 -1.11522 1.15363
14 -2.82616 -1.06637
14 -3.30184 -0.353435
14 -2.32551 -0.274427
14 -3.72824 -0.27057
14 0.991992 0.516174
14 -2.6179 -0.601831
14 3.23899 0.570483
14 1.74968 1.12991
14 -0.647728 -1.10008
14 -3.97136 0.730461
14 -0.000387538 -1.49853
14 0.57812 -0.182983
14 0.121021 1.11869
14 2.88774 -0.567414
14 -1.48749 -1.18822
14 -3.59727 -0.55432
14 3.58245 1.14229
14 -2.70761 -1.11194
14 1.47552 0.523771
14 0.231427 -0.0927642
14 -2.58571 1.03129
14 1.13269 -0.103405
14 -3.95464 -0.598654
14 3.45215 -0.986838
14 -0.10294 0.953153
14 0.908837 1.16731
14 1.2849 0.850102
14 0.297823 1.16461
14 -0.895145 -0.439743
14 2.91294 0.565101
14 -0.303675 -0.691045
14 -1.95185 -0.536624
14 -3.30363 1.47982
14 -0.838414 -0.237706
14 -2.43684 -1.03401
14 -3.74175 -0.567435
14 -1.28052 -1.13309
14 -3.08145 -0.545378
14 0.394775 1.10558
14 -3.12423 -0.599787
14 -1.48974 -1.49859
14 3.5299 1.22664
14 3.35582 0.556901
14 -1.15438 0.908586
14 -3.60893 -1.15133
14 0.175581 -0.197204
14 -0.0765764 -0.720967
14 1.849 -0.617757
14 3.53279 0.0473776
14 1.90211 -0.677007
14 -1.49665 1.0118
14 1.43163 1.05566
14 3.32034 1.08467
14 -0.747167 1.15803
14 3.4784 0.151511
14 -2.19976 0.838961
14 -0.893222 1.03974
14 -3.24897 -0.564532
14 2.82391 -0.999535
14 3.17192 1.0403
14 2.03021 1.12846
14 3.59113 1.22468
14 2.95734 -0.129391
14 3.51934 0.0411026
14 0.523828 1.01803
14 3.53589 1.20001
14 -1.83627 -0.34943
14 -1.11906 -1.04213
14 2.41393 -1.05437
14 -2.8225 -0.266135
14 -2.68837 -1.2161
14 2.0787 1.07864
14 -3.80946 -1.07395
14 -0.80877 -0.210622
14 0.161995 -1.16718
14 3.59706 -1.07998
14 0.784353 1.17411
14 0.488414 1.09793
14 -2.99618 -0.180784
14 -0.603239 0.875378
14 2.90969 0.0297357
14 -0.224687 1.05641
14 -1.25238 1.15045
14 3.31633 0.100204
14 -1.60289 -0.311282
14 0.981787 0.0153276
14 2.339 1.06787
14 -2.64204 -1.10384
14 -0.254581 1.15942
14 -2.42627 1.48019
14 -2.68274 -0.557981
14 0.375896 -0.875898
14 -3.65132 -0.847583
14 -0.309568 -1.07089
14 3.93233 -1.01885
14 1.41621 0.522631
14 3.83585 0.0852114
14 -2.83437 -0.970445
14 3.49311 0.156457
