0 1.60131 -1.41673
0 2.61377 1.42977
0 3.51397 -0.816952
0 3.82423 0.480018
0 2.15859 -0.100599
0 3.31283 -0.161351
0 3.15881 0.615101
0 1.60922 0.308051
0 1.66343 -0.492572
0 1.02397 0.445798
0 3.49957 -1.49625
0 2.50465 -1.18395
0 1.92548 0.347507
0 2.97841 -1.14922
0 2.71977 0.0176382
0 1.59024 0.098357
0 3.59736 -0.931218
0 3.16627 -1.37316
0 0.812397 1.03187
0 1.2773 -0.032918
0 2.49535 -1.01447
0 0.686213 0.421576
0 3.23946 1.36033
0 2.57272 -1.49074
0 2.98659 -0.592893
0 2.89926 0.00293827
0 1.82737 0.240941
0 2.42278 0.240475
0 0.456704 0.941115
0 2.69918 -0.164804
0 1.63603 0.555415
0 0.697501 1.2723
0 0.766383 1.31053
0 3.14584 0.681525
0 2.26843 0.172195
0 2.47755 -0.35339
0 3.06379 0.52394
0 3.80625 0.936245
0 3.03869 0.999695
0 0.210937 -0.353833
0 1.48329 0.646075
0 1.2065 0.0625002
0 2.01739 -0.470337
0 4.05582 0.140509
0 1.23742 -0.956903
0 0.447339 -1.42307
0 1.35615 -0.0713334
0 2.01382 -1.49916
0 1.45444 -0.567475
0 0.582528 1.18362
0 3.95192 0.0291539
0 2.79927 -0.733503
0 1.06243 -0.700051
0 2.37826 -0.715584
0 3.22382 -0.0510021
0 1.71116 0.0820021
0 2.32462 0.757732
0 3.24314 1.17639
0 1.76287 -0.149528
0 3.18587 -1.24366
0 1.74526 -1.21764
0 2.26254 0.97684
0 0.794529 -0.324667
0 3.14722 -0.903026
0 2.2422 0.193305
0 3.10967 -0.112638
0 0.0538585 -0.585906
0 2.81662 -0.122524
0 2.64311 -0.48033
0 1.17286 -1.04894
0 1.97948 0.907993
0 4.10921 0.582626
0 1.32945 0.0678915
0 1.93034 0.896281
0 4.92288 -0.169652
0 0.519511 1.26642
0 5.01558 -0.421876
0 2.04862 1.31893
0 3.80308 -1.27853
0 2.24939 1.46768
0 2.91849 -1.11065
0 1.6876 0.219402
0 5.10827 1.51823
0 1.07972 -0.778899
0 3.4123 -1.50124
0 3.61037 0.478621
0 1.39666 1.42927
0 1.43162 -0.667643
0 1.22875 -0.928021
0 4.98569 -1.44114
0 1.44231 1.25206
0 2.42796 0.303902
0 0.974179 0.434292
0 1.37862 0.148904
0 4.46604 -1.41365
0 0.861078 -1.10368
0 1.50727 0.562725
0 0.475173 0.355433
0 2.65456 0.964965
0 1.24152 0.653699
0 1.41053 0.481646
0 2.28201 -0.16279
0 0.948027 -0.750433
0 4.10508 0.506688
0 1.39107 1.48562
0 3.11743 -0.822383
0 0.223306 -1.42433
0 3.38225 -0.23554
0 3.78772 -0.0632672
0 2.48056 0.230569
0 1.84388 1.31156
0 1.18182 -1.06486
0 5.42274 0.568693
0 2.6272 1.32145
0 2.6105 -1.00842
0 1.98859 0.17148
0 2.25467 1.23672
0 2.64012 -1.551
0 2.06875 -0.0625101
0 1.64842 1.38824
0 2.28949 -0.0309436
0 1.99436 -1.26827
0 2.97235 -0.173608
0 0.769871 0.104599
0 2.72434 -1.00987
0 1.83595 0.267785
0 2.50264 -0.973834
0 3.64198 1.41904
0 2.5508 0.248441
0 1.60679 -0.389208
0 1.72487 -0.529871
0 0.544655 -0.4861
0 2.61863 0.513897
0 1.0482 -0.755676
0 -0.184858 -1.21234
0 1.27562 -0.947568
0 1.55227 1.52709
0 2.18214 -1.29821
0 3.55878 -0.547547
0 2.71892 -1.16459
0 2.15845 -1.23951
0 1.49591 -0.298739
0 1.40046 0.33667
0 3.85973 1.52378
0 1.54817 -0.0916966
0 0.974331 0.856621
0 3.37694 -0.871761
0 2.40005 0.770205
0 3.06138 0.655163
0 0.439939 -0.538666
0 0.641192 0.679329
0 2.28316 0.771727
0 2.86166 1.46714
0 1.09856 0.213038
0 2.11531 -0.591084
0 -0.836473 0.84133
0 2.09814 0.0319374
0 1.84139 -0.161984
0 1.19336 -0.907958
0 0.891335 -0.167849
0 2.12766 -0.150317
0 4.21888 1.38849
0 0.667929 0.82684
0 2.06509 -1.08326
0 0.167058 1.54395
0 -0.156688 -0.706222
0 -0.383111 -0.862248
0 2.00936 -0.647699
0 1.10481 1.3395
0 2.59356 0.638092
0 2.26319 -0.0757947
0 1.86855 -0.467421
0 3.20522 -0.446803
0 2.36668 -0.418679
0 2.09437 0.514134
0 1.61756 1.15213
0 3.99478 1.22383
0 1.62923 0.775287
0 1.66196 -0.851184
0 0.775841 1.10813
0 0.220336 -0.348888
0 0.136465 0.220099
0 1.38912 0.0949243
0 2.08954 -0.94668
0 2.64906 0.158964
0 0.248985 -0.68645
0 -0.211581 1.21367
0 0.569391 0.726108
0 3.79276 0.220114
0 1.61512 -0.306808
0 1.56777 -0.473058
0 3.21484 -1.41322
0 2.35479 0.753943
0 0.799231 -0.318329
0 1.88026 -0.118488
0 3.49524 -0.649156
0 2.70563 -0.763127
0 2.40545 -0.596392
0 4.73173 -0.528061
0 1.52042 -0.313676
0 0.766484 0.0135492
0 4.01756 0.672733
0 2.1256 0.163657
0 1.96519 0.951672
0 3.58565 0.560264
0 1.54819 0.868441
0 3.88838 0.348881
0 1.12757 1.18783
0 4.07359 0.0526208
0 1.65901 -1.01936
0 0.00911236 -1.23211
0 1.25837 -0.3468
0 0.245614 0.490018
0 1.44488 -1.05387
0 2.96101 0.16917
0 2.68592 -0.077446
0 3.98221 0.925677
0 1.14533 0.613213
0 -0.691796 0.360409
0 0.492192 -1.20287
0 0.135873 0.471478
0 2.24836 -1.45133
0 1.56243 -0.555227
0 0.57247 1.50432
0 1.11212 -1.08364
0 1.78663 -1.47029
0 3.7272 -1.12923
0 1.91345 1.56465
0 0.341609 -0.54587
0 1.70735 -0.730723
0 1.94323 -0.758321
0 1.04982 -0.443065
0 2.76657 0.620943
0 1.60134 1.12884
0 0.638992 -1.00416
0 2.19344 0.936227
0 1.62434 -1.34404
0 2.06962 -0.86334
0 1.53307 0.416286
0 2.82296 -0.893983
0 0.138337 1.53729
0 2.96147 0.545551
0 2.70226 -1.31221
0 3.07057 0.835866
0 2.30171 1.02594
0 4.858 -0.0244707
0 3.55845 0.494384
0 3.22336 0.308676
0 1.62108 0.229637
0 2.30899 0.865921
0 3.74512 -1.42996
0 3.73183 -0.940576
0 1.92345 1.39546
0 3.39723 -1.03056
0 1.08532 0.987021
0 1.4623 0.524667
0 0.829371 -0.260845
0 0.536244 1.06716
0 4.38169 -0.977524
0 2.00095 0.532179
0 2.43636 -1.01913
0 0.445587 0.785904
0 3.4754 -1.20368
0 1.8914 0.27248
0 2.30578 -0.717695
0 1.64125 0.325535
0 0.978715 1.1973
0 0.50342 -0.25867
0 5.42735 0.759827
0 2.21641 0.0525369
0 0.0543112 1.06363
0 0.660368 -0.431014
0 0.325343 1.20244
0 2.79897 1.29302
0 2.14553 0.571551
0 2.9517 1.28124
0 0.934112 0.902993
0 2.8699 -0.912557
0 2.51967 -0.928364
0 2.28308 -0.744812
0 2.96384 0.148588
0 5.01295 -1.28676
0 2.57983 0.305347
0 2.54157 1.45196
0 3.41708 -1.4729
0 -0.264894 -0.517137
0 0.040076 0.850783
0 -1.06812 -0.19597
0 1.31913 -1.56575
0 0.176838 -1.40026
0 2.82253 -0.331086
0 1.87879 0.22539
0 2.69754 0.276203
0 3.19409 0.0699132
0 0.863716 0.0361599
0 1.57764 -1.21716
0 2.39088 1.25107
0 0.40044 0.511098
0 2.03287 0.597987
0 2.56365 -0.360356
0 3.95937 0.445658
0 2.72007 -0.0446683
0 1.53303 -0.638881
0 2.65298 0.894338
0 0.948772 1.09395
0 0.530896 -0.931743
0 -0.237902 -0.000132306
0 0.510496 0.0294702
0 2.53001 1.40691
0 0.752677 -0.780279
0 3.29903 -0.703802
0 0.910662 1.43129
0 2.05121 -0.584129
0 -0.701633 -0.823144
0 2.39143 -0.269168
0 1.73573 0.437731
0 0.670576 0.582552
0 2.88878 0.592253
0 0.251386 -1.06143
0 3.49814 0.0312877
0 1.23127 0.597799
0 2.94368 0.562037
0 1.82707 -0.800374
0 3.32015 1.41075
0 1.34692 0.398427
0 -0.46165 -1.13093
0 4.43102 0.804838
0 2.66735 -0.137613
0 3.41937 -0.898532
0 0.379662 0.319625
0 2.93129 -0.629383
0 0.01449 -0.435801
0 2.33708 -0.0660249
0 2.67804 -1.1394
0 0.736034 1.11684
0 2.12543 1.03892
0 2.01208 1.21709
0 3.06807 1.53564
0 0.976443 0.391347
0 2.7882 -1.18208
0 1.76708 0.893897
0 -0.165093 0.379848
0 2.20724 -1.07109
0 1.76119 -1.39709
0 1.76188 -0.186378
0 0.428131 1.53604
0 2.81873 -1.24654
0 -0.750838 -0.509015
0 2.48232 0.0350774
0 2.48036 -0.0836228
0 1.76119 0.280438
0 1.32391 -1.318
0 2.89871 -0.708954
0 2.36734 0.733762
0 2.40867 0.558129
0 1.37073 0.498654
0 0.25297 -1.26011
0 3.96306 1.22772
0 1.23018 0.316138
0 1.06682 -0.635826
0 3.52069 0.0271876
0 2.5005 -0.812696
0 2.17259 -1.04886
0 2.05306 1.39205
0 1.02035 -0.403482
0 -0.0263513 1.17945
0 2.80097 -0.441064
0 4.30114 0.615311
0 1.75935 -1.078
0 0.463841 0.809751
0 0.989237 0.267905
0 1.87875 1.5153
0 2.18844 -0.127282
0 0.993534 0.87072
0 1.52843 0.515196
0 2.60035 -0.242224
0 -0.0252686 0.111812
0 2.86723 1.30681
0 3.28298 -0.532456
0 1.76034 -1.37614
0 4.30229 1.39859
0 1.84985 1.38209
0 1.85151 0.526443
0 0.898581 -0.0622382
0 2.72878 0.034684
0 1.57602 0.574423
0 0.268597 1.27865
0 3.03011 -1.05981
0 1.97215 -0.287425
0 1.57033 -0.914482
0 1.85761 0.228703
0 1.80866 -0.369497
0 2.55671 0.630429
0 1.46344 0.85485
0 3.61699 0.497866
0 -0.777824 0.369881
0 2.74886 0.663184
0 2.04763 0.379329
0 2.63876 0.122205
0 3.66371 1.28896
0 2.12642 0.93164
0 3.95743 1.54948
0 2.07664 -1.26378
0 2.18404 0.963122
0 3.63265 0.0495444
0 1.85506 -0.25954
0 2.80587 -0.387466
0 3.98669 -0.199906
0 3.84584 0.442172
0 2.18717 -0.0358999
0 2.38037 0.311751
0 3.34852 0.141127
0 0.871942 -1.34231
0 2.73752 0.423364
0 0.273568 0.119069
0 1.48392 0.368634
0 -0.120305 0.516097
0 4.43008 -1.19223
0 2.75467 -0.457391
0 1.9961 -0.79537
0 2.56628 1.08131
0 1.19644 0.341577
0 0.834816 -0.221336
0 1.43206 -0.690424
0 1.83055 -0.00104888
0 0.842784 0.514019
0 -0.0176006 0.500697
0 -0.388603 0.925435
0 1.74488 0.111016
0 4.6482 1.0798
0 1.92397 -0.775212
0 3.31014 0.355267
0 -0.520825 -0.779599
0 3.17679 -0.0891226
0 1.80253 1.206
0 1.80231 -0.649823
0 -0.192376 0.820135
0 1.56965 1.39027
0 1.08128 0.315454
0 2.07505 0.974861
0 1.75077 0.585505
0 4.32727 -1.0343
0 1.18128 0.369598
0 2.98406 -0.297896
0 0.379689 -0.0207833
0 2.9887 -1.10204
0 -0.725908 1.41899
0 2.09167 -0.550613
0 0.386006 0.988037
0 2.35272 0.514335
0 3.03639 -0.220454
0 -0.548739 -1.53768
0 1.67532 1.36
0 1.28991 0.595445
0 1.34492 -0.928275
0 1.72597 0.1125
0 -0.185958 -0.936044
0 0.39433 -0.537458
0 2.46424 -1.07838
0 4.61716 1.07168
0 0.97904 0.0671728
0 3.24389 -0.9341
0 1.26878 0.0565382
0 1.03603 1.06165
0 0.379161 1.04882
0 1.19627 -0.0677026
0 0.552459 0.442404
0 -0.263531 0.533635
0 2.25235 -0.96601
0 2.36908 0.288692
0 0.174311 1.49343
0 2.24458 -0.753053
0 3.96372 -0.816105
0 1.00145 -0.434539
0 0.87086 0.125571
0 0.697806 -0.108969
0 2.19807 -0.838354
0 1.35896 0.355569
0 0.773748 -1.47352
0 2.30977 1.42781
0 2.95146 -0.966995
0 1.76167 1.48189
0 0.436482 0.64241
0 1.91423 -1.05162
0 3.96107 0.385142
0 2.52239 -1.34462
0 1.60458 0.904448
0 3.04756 -0.205178
0 4.85517 -1.40482
0 1.21442 0.72879
0 3.77292 -1.5687
0 1.03846 -0.928798
0 0.907037 1.36869
0 4.01012 0.313134
0 1.61676 0.0922617
0 1.82738 -0.709712
0 1.22935 1.39917
0 1.12466 -0.143077
0 3.57497 -0.560128
0 2.61007 0.119916
0 2.66539 1.14359
0 0.707973 1.48856
0 1.86312 -0.353435
0 1.61591 -0.274427
0 0.154969 -0.27057
0 3.8832 1.36055
0 0.492383 1.2732
0 2.37971 0.882363
0 3.78625 -0.745119
0 1.51714 0.677895
0 0.435563 -0.308274
0 1.58703 -0.654158
0 3.16887 -0.182983
0 1.55254 -0.696505
0 2.90034 0.145227
0 3.63784 -1.18822
0 0.96187 0.976506
0 2.44822 -0.720104
0 0.94515 0.689751
0 1.0583 -0.945957
0 1.53386 -0.0927642
0 0.464603 -1.45348
0 2.58554 -0.103405
0 2.71914 1.02084
0 3.01568 -0.986838
0 1.60384 -0.530966
0 2.36006 1.12991
0 -1.44777 -0.427915
0 1.76747 1.13261
0 1.03206 0.590916
0 -0.0963797 -1.30993
0 3.58249 0.268859
0 1.62112 1.33841
0 -1.36612 0.635443
0 2.5536 -0.237706
0 2.74188 0.611824
0 1.47412 -0.885411
0 2.16049 0.741939
0 1.84057 1.32965
0 3.52999 -0.769449
0 1.50814 -1.44416
0 0.0672968 1.22082
0 1.51146 1.07058
0 2.02903 -0.979088
0 1.42361 -0.4864
0 4.50778 0.723707
0 2.97279 -0.197204
0 2.89215 0.29878
0 3.01409 0.19557
0 2.86901 0.0473776
0 2.043 0.25482
0 1.24262 1.0118
0 -0.224545 1.24155
0 1.54005 -0.790362
0 0.977546 -1.13919
0 1.34087 0.151511
0 0.882331 -0.416775
0 3.66625 -1.46192
0 1.75422 -1.40891
0 2.09404 -0.999535
0 1.50225 -0.61811
0 1.9889 -0.746578
0 0.576969 1.07253
0 4.77899 -0.129391
0 2.94358 0.0411026
0 2.05402 1.01803
0 1.85627 1.09721
0 3.26508 -0.34943
0 3.4898 0.619948
0 -0.489316 0.820667
0 0.993926 -0.266135
0 3.58582 0.793914
0 3.16008 -0.65645
0 1.93446 -1.07395
0 2.18433 -0.210622
0 5.39808 -1.16718
0 1.88929 0.657789
0 3.52926 -1.5453
0 2.59815 -0.777102
0 -0.437267 -0.180784
0 0.397273 -0.453191
0 2.49326 0.0297357
0 3.30207 1.05641
0 0.75578 1.15045
0 1.90876 0.100204
0 2.90149 -0.311282
0 0.767184 0.0153276
0 3.28867 1.22935
0 2.78482 -1.19338
0 2.55816 1.1378
0 3.58136 -1.23921
0 2.51863 0.980167
0 -0.245219 0.453711
0 3.21621 0.425397
0 5.49601 0.648699
0 2.56184 -1.01885
0 1.64229 -1.3524
0 2.64 0.0852114
0 -0.0259377 0.548259
0 1.28466 0.156457
